3.687961098989512152e+02	Patient_1	1.370000000000000000e+02	1.000000000000000000e+00
9.881252673055369087e+02	Patient_3	1.380566700676565006e+03	0.000000000000000000e+00
9.881252673055369087e+02	Patient_11	1.921597153887336390e+03	0.000000000000000000e+00
1.120554128016585992e+03	Patient_12	4.270000000000000000e+02	1.000000000000000000e+00
7.321808328466287321e+02	Patient_13	1.426783242452931063e+03	0.000000000000000000e+00
2.395814968884787959e+02	Patient_19	8.600000000000000000e+01	1.000000000000000000e+00
2.597650659492472869e+02	Patient_22	2.900000000000000000e+01	1.000000000000000000e+00
1.528328641110985018e+02	Patient_34	7.000000000000000000e+00	1.000000000000000000e+00
9.881252673055369087e+02	Patient_44	2.779028110022667875e+02	0.000000000000000000e+00
6.422210934122649633e+02	Patient_45	7.060000000000000000e+02	1.000000000000000000e+00
8.604803100593711633e+02	Patient_47	1.512180499835709270e+03	0.000000000000000000e+00
9.561922449372863184e+02	Patient_48	1.852395259453063773e+03	0.000000000000000000e+00
1.187473198556418311e+03	Patient_50	5.630000000000000000e+02	1.000000000000000000e+00
5.004134358546426711e+02	Patient_51	1.030000000000000000e+03	1.000000000000000000e+00
2.053387688995506721e+02	Patient_55	1.350000000000000000e+02	1.000000000000000000e+00
5.593173603037782868e+02	Patient_64	7.000000000000000000e+01	1.000000000000000000e+00
1.540000000000000000e+02	Patient_65	1.380000000000000000e+02	1.000000000000000000e+00
1.205315867990091647e+03	Patient_67	1.237000000000000000e+03	1.000000000000000000e+00
9.002736449850944211e+01	Patient_69	4.950000000000000000e+02	1.000000000000000000e+00
3.074853516657013870e+02	Patient_70	2.770000000000000000e+02	1.000000000000000000e+00
9.881252673055369087e+02	Patient_74	9.299071239651131009e+02	0.000000000000000000e+00
2.905498135139863507e+02	Patient_81	3.720000000000000000e+02	1.000000000000000000e+00
5.460608156940228355e+02	Patient_88	1.224000000000000000e+03	1.000000000000000000e+00
4.091551169886310504e+02	Patient_90	6.500000000000000000e+01	1.000000000000000000e+00
1.638667297309257265e+02	Patient_91	4.900000000000000000e+01	1.000000000000000000e+00
1.231819552736725001e+02	Patient_100	6.530000000000000000e+02	1.000000000000000000e+00
9.881252673055369087e+02	Patient_101	8.040754077133777855e+02	0.000000000000000000e+00
7.696714950372684143e+02	Patient_105	4.870000000000000000e+02	1.000000000000000000e+00
2.228415715017385992e+02	Patient_110	3.980000000000000000e+02	1.000000000000000000e+00
5.419699352087886837e+02	Patient_112	3.150000000000000000e+02	1.000000000000000000e+00
2.437586030528066772e+01	Patient_117	1.259000000000000000e+03	1.000000000000000000e+00
1.220531540923485636e+02	Patient_119	2.250000000000000000e+02	1.000000000000000000e+00
1.390483680543991113e+03	Patient_120	3.200000000000000000e+01	1.000000000000000000e+00
1.710878367905923369e+03	Patient_123	3.320000000000000000e+02	1.000000000000000000e+00
2.292614469778647788e+02	Patient_132	1.970000000000000000e+02	1.000000000000000000e+00
1.820078332364032576e+02	Patient_135	7.980000000000000000e+02	1.000000000000000000e+00
1.540000000000000000e+02	Patient_140	2.340000000000000000e+02	1.000000000000000000e+00
1.523615180229227803e+02	Patient_141	1.538000000000000000e+03	1.000000000000000000e+00
2.281226808950903546e+02	Patient_144	1.799000000000000000e+03	1.000000000000000000e+00
1.440966711076832212e+02	Patient_147	1.290000000000000000e+02	1.000000000000000000e+00
3.313558548450298531e+02	Patient_151	1.867000000000000000e+03	1.000000000000000000e+00
7.044488534667888189e+02	Patient_164	1.910000000000000000e+02	1.000000000000000000e+00
1.029054865297695869e+03	Patient_167	4.730000000000000000e+02	1.000000000000000000e+00
8.580639481893927041e+02	Patient_168	4.940000000000000000e+02	1.000000000000000000e+00
1.978646282734471242e+02	Patient_172	1.232000000000000000e+03	1.000000000000000000e+00
9.290005243725410082e+02	Patient_180	3.100000000000000000e+01	1.000000000000000000e+00
1.219438496956235667e+03	Patient_184	8.700000000000000000e+01	1.000000000000000000e+00
1.029943245859865101e+03	Patient_188	1.211000000000000000e+03	1.000000000000000000e+00
1.039083152256199440e+02	Patient_190	1.099000000000000000e+03	1.000000000000000000e+00
3.775761573131994169e+02	Patient_197	2.320000000000000000e+02	1.000000000000000000e+00
2.147210833962305969e+02	Patient_215	6.720000000000000000e+02	1.000000000000000000e+00
1.350000000000000000e+02	Patient_219	5.920000000000000000e+02	1.000000000000000000e+00
9.881252673055369087e+02	Patient_223	8.752659904459126210e+02	0.000000000000000000e+00
9.881252673055369087e+02	Patient_228	9.587898351293762289e+02	0.000000000000000000e+00
6.095466841053180360e+02	Patient_242	4.550000000000000000e+02	1.000000000000000000e+00
1.233883158622060819e+03	Patient_244	6.353591264191478558e+02	0.000000000000000000e+00
9.208230172743349158e+02	Patient_245	1.985273901991201683e+03	0.000000000000000000e+00
2.515269845350685785e+02	Patient_246	5.200000000000000000e+02	1.000000000000000000e+00
1.084119260964679796e+02	Patient_247	1.443000000000000000e+03	1.000000000000000000e+00
2.891391445482111635e+02	Patient_250	4.640000000000000000e+02	1.000000000000000000e+00
1.033734981466557429e+03	Patient_261	6.600000000000000000e+01	1.000000000000000000e+00
2.724950114764179148e+02	Patient_266	1.091000000000000000e+03	1.000000000000000000e+00
9.556579280098912932e+01	Patient_275	1.000000000000000000e+02	1.000000000000000000e+00
1.209945345901287737e+03	Patient_280	2.460000000000000000e+02	1.000000000000000000e+00
9.881252673055369087e+02	Patient_282	9.140450057378934900e+01	0.000000000000000000e+00
1.340276008964066250e+02	Patient_285	1.330000000000000000e+02	1.000000000000000000e+00
1.135359136415697094e+03	Patient_293	7.170000000000000000e+02	1.000000000000000000e+00
1.047878286736072084e+02	Patient_299	6.020000000000000000e+02	1.000000000000000000e+00
8.255311431362761709e+01	Patient_308	2.000000000000000000e+02	1.000000000000000000e+00
2.038254557100989643e+02	Patient_311	8.820000000000000000e+02	1.000000000000000000e+00
5.403706895414569544e+02	Patient_315	5.300000000000000000e+01	1.000000000000000000e+00
7.266852277421043027e+02	Patient_316	2.340000000000000000e+02	1.000000000000000000e+00
9.839233316403327763e+02	Patient_321	1.507993287727432971e+03	0.000000000000000000e+00
1.046376782654851013e+03	Patient_324	1.200000000000000000e+02	1.000000000000000000e+00
9.881252673055369087e+02	Patient_333	1.051140297665931200e+01	0.000000000000000000e+00
9.881252673055369087e+02	Patient_336	2.593239243614209499e+02	0.000000000000000000e+00
1.148234926702312805e+03	Patient_339	2.680000000000000000e+02	1.000000000000000000e+00
8.517495493192350864e+01	Patient_340	4.100000000000000000e+01	1.000000000000000000e+00
1.514364611243580327e+02	Patient_342	1.370000000000000000e+02	1.000000000000000000e+00
8.593266679903520071e+02	Patient_343	9.540000000000000000e+02	1.000000000000000000e+00
9.881252673055369087e+02	Patient_345	1.830357447866488201e+03	0.000000000000000000e+00
6.229429828905671229e+01	Patient_347	8.490000000000000000e+02	1.000000000000000000e+00
6.585579275213236770e+02	Patient_354	1.801000000000000000e+03	1.000000000000000000e+00
6.776884117927839952e+02	Patient_361	2.240000000000000000e+02	1.000000000000000000e+00
5.644870394226052213e+01	Patient_367	8.610000000000000000e+02	1.000000000000000000e+00
7.436096445760806546e+02	Patient_369	3.140000000000000000e+02	1.000000000000000000e+00
9.095375960202336501e+02	Patient_370	9.640000000000000000e+02	1.000000000000000000e+00
7.330001811727026961e+01	Patient_372	5.384922999781929320e+02	0.000000000000000000e+00
4.085487439865147508e+00	Patient_373	1.200000000000000000e+01	1.000000000000000000e+00
1.191599275736449272e+03	Patient_380	6.480000000000000000e+02	1.000000000000000000e+00
1.882981650618567642e+02	Patient_381	1.942000000000000000e+03	1.000000000000000000e+00
2.633830954742746258e+02	Patient_387	4.900000000000000000e+01	1.000000000000000000e+00
1.237105076340504638e+03	Patient_388	4.920000000000000000e+02	1.000000000000000000e+00
1.340000000000000000e+02	Patient_397	1.220000000000000000e+02	1.000000000000000000e+00
4.180000000000000000e+02	Patient_403	3.000000000000000000e+00	1.000000000000000000e+00
4.180000000000000000e+02	Patient_408	7.800000000000000000e+02	1.000000000000000000e+00
9.881252673055369087e+02	Patient_413	1.105405114241783622e+03	0.000000000000000000e+00
9.881252673055369087e+02	Patient_420	1.063998856875742149e+03	0.000000000000000000e+00
7.040140379228367919e+02	Patient_426	6.600000000000000000e+01	1.000000000000000000e+00
1.540000000000000000e+02	Patient_429	8.200000000000000000e+01	1.000000000000000000e+00
1.540000000000000000e+02	Patient_446	3.850000000000000000e+02	1.000000000000000000e+00
9.881252673055369087e+02	Patient_452	5.535795898872595444e+02	0.000000000000000000e+00
9.714606733305337229e+02	Patient_460	1.864160531301389938e+03	0.000000000000000000e+00
3.562506545306064822e+02	Patient_463	2.490000000000000000e+02	1.000000000000000000e+00
9.307030296221539629e+02	Patient_465	4.580000000000000000e+02	1.000000000000000000e+00
1.062437442813215739e+03	Patient_471	6.740000000000000000e+02	1.000000000000000000e+00
2.941767900515076803e+02	Patient_472	4.700000000000000000e+02	1.000000000000000000e+00
4.230000000000000000e+02	Patient_477	2.180000000000000000e+02	1.000000000000000000e+00
1.311277220971816860e+03	Patient_492	1.589000000000000000e+03	1.000000000000000000e+00
1.144851943118009331e+03	Patient_506	0.000000000000000000e+00	1.000000000000000000e+00
7.504303464650654405e+02	Patient_512	7.443210880796198126e+02	0.000000000000000000e+00
9.881252673055369087e+02	Patient_519	1.802475203823676111e+03	0.000000000000000000e+00
1.588034251915878940e+03	Patient_521	5.340000000000000000e+02	1.000000000000000000e+00
7.557423545729971011e+02	Patient_528	1.450000000000000000e+02	1.000000000000000000e+00
1.305670324255959258e+02	Patient_534	1.650000000000000000e+02	1.000000000000000000e+00
6.939219717958940237e+01	Patient_535	4.160000000000000000e+02	1.000000000000000000e+00
3.787105024175173185e+02	Patient_546	1.825000000000000000e+03	1.000000000000000000e+00
1.519640589753716085e+03	Patient_550	8.000000000000000000e+00	1.000000000000000000e+00
4.684150311843370673e+02	Patient_552	3.070000000000000000e+02	1.000000000000000000e+00
4.230932090956805496e+02	Patient_553	1.160000000000000000e+02	1.000000000000000000e+00
1.370012598297038835e+02	Patient_558	2.900000000000000000e+02	1.000000000000000000e+00
1.350000000000000000e+02	Patient_561	1.180000000000000000e+02	1.000000000000000000e+00
2.562713846725039275e+02	Patient_566	8.800000000000000000e+01	1.000000000000000000e+00
1.432294974368493286e+02	Patient_577	9.200000000000000000e+01	1.000000000000000000e+00
1.047545050445275052e+02	Patient_585	3.809042052776172795e+02	0.000000000000000000e+00
2.569923905828468946e+02	Patient_607	9.940000000000000000e+02	1.000000000000000000e+00
1.439937539286692640e+02	Patient_611	3.270000000000000000e+02	1.000000000000000000e+00
5.054188057843055617e+02	Patient_615	2.230000000000000000e+02	1.000000000000000000e+00
2.381657563544982850e+02	Patient_618	9.140000000000000000e+02	1.000000000000000000e+00
4.042551663304842009e+02	Patient_619	2.620000000000000000e+02	1.000000000000000000e+00
1.187068968126241316e+03	Patient_620	1.021000000000000000e+03	1.000000000000000000e+00
1.038516270340648589e+03	Patient_621	4.900000000000000000e+02	1.000000000000000000e+00
6.752373923642403497e+02	Patient_630	1.044000000000000000e+03	1.000000000000000000e+00
4.180000000000000000e+02	Patient_635	5.540000000000000000e+02	1.000000000000000000e+00
8.653348643785029708e+02	Patient_636	9.580000000000000000e+02	1.000000000000000000e+00
9.864487523951245862e+01	Patient_642	4.090000000000000000e+02	1.000000000000000000e+00
5.372651886276062214e+02	Patient_645	1.830000000000000000e+02	1.000000000000000000e+00
4.680000000000000000e+02	Patient_646	6.290000000000000000e+02	1.000000000000000000e+00
4.843778478926448088e+02	Patient_652	1.162000000000000000e+03	1.000000000000000000e+00
5.891068743054991046e+02	Patient_658	1.690000000000000000e+02	1.000000000000000000e+00
1.465244745096634063e+02	Patient_660	7.370000000000000000e+02	1.000000000000000000e+00
1.883000000000000000e+03	Patient_661	3.360000000000000000e+02	1.000000000000000000e+00
9.881252673055369087e+02	Patient_662	7.276702749124755201e+02	0.000000000000000000e+00
6.090514295635778126e+02	Patient_664	1.111000000000000000e+03	1.000000000000000000e+00
5.128582384891233232e+02	Patient_669	7.200000000000000000e+02	1.000000000000000000e+00
7.403084588677842248e+02	Patient_675	3.920791382857315739e+02	0.000000000000000000e+00
8.689292430047366906e+02	Patient_677	1.474347457304657837e+03	0.000000000000000000e+00
1.187068968126241316e+03	Patient_680	2.075507137477130470e+02	0.000000000000000000e+00
6.422493636869296552e+02	Patient_682	9.300000000000000000e+01	1.000000000000000000e+00
5.066106879377312566e+02	Patient_705	2.670000000000000000e+02	1.000000000000000000e+00
2.253200475295309104e+02	Patient_709	9.900000000000000000e+02	1.000000000000000000e+00
3.336865521200620037e+02	Patient_712	9.970000000000000000e+02	1.000000000000000000e+00
4.180000000000000000e+02	Patient_714	2.160000000000000000e+02	1.000000000000000000e+00
9.282833184219680334e+02	Patient_719	6.280000000000000000e+02	1.000000000000000000e+00
5.099726367337394208e+02	Patient_721	9.700000000000000000e+01	1.000000000000000000e+00
9.881252673055369087e+02	Patient_727	2.679796373082854188e+02	0.000000000000000000e+00
1.590750299648694295e+02	Patient_729	2.440000000000000000e+02	1.000000000000000000e+00
7.257028944312760359e+02	Patient_732	6.110000000000000000e+02	1.000000000000000000e+00
5.106047792071038316e+02	Patient_748	1.711000000000000000e+03	1.000000000000000000e+00
9.881252673055369087e+02	Patient_751	2.289743384620515201e+02	0.000000000000000000e+00
1.302061780010784275e+02	Patient_752	1.216806887718384615e+02	0.000000000000000000e+00
1.100786538028227824e+03	Patient_753	4.270000000000000000e+02	1.000000000000000000e+00
1.271830307413856872e+03	Patient_758	1.151000000000000000e+03	1.000000000000000000e+00
9.614767019019682266e+02	Patient_762	7.840000000000000000e+02	1.000000000000000000e+00
1.752510632661154943e+02	Patient_765	5.030000000000000000e+02	1.000000000000000000e+00
5.741987551028468033e+02	Patient_774	2.950000000000000000e+02	1.000000000000000000e+00
3.342936468168430793e+02	Patient_778	1.089000000000000000e+03	1.000000000000000000e+00
1.135613841917229820e+03	Patient_779	2.495144697053959248e+02	0.000000000000000000e+00
1.826214245948278290e+02	Patient_782	1.182483016399533653e+03	0.000000000000000000e+00
1.178546286314882536e+03	Patient_783	1.294230073106914688e+03	0.000000000000000000e+00
3.775761573131994169e+02	Patient_790	2.320000000000000000e+02	1.000000000000000000e+00
5.137051870874570341e+02	Patient_796	2.300000000000000000e+01	1.000000000000000000e+00
3.352138482525937775e+02	Patient_797	7.570000000000000000e+02	1.000000000000000000e+00
1.406463806416960097e+03	Patient_799	5.270000000000000000e+02	1.000000000000000000e+00
9.881252673055369087e+02	Patient_800	1.764298097853428317e+03	0.000000000000000000e+00
1.271420805976479187e+03	Patient_829	2.100000000000000000e+01	1.000000000000000000e+00
3.111907391672095287e+02	Patient_830	6.360000000000000000e+02	1.000000000000000000e+00
2.009344261016756832e+02	Patient_839	3.670000000000000000e+02	1.000000000000000000e+00
8.606086017641363242e+02	Patient_848	3.570000000000000000e+02	1.000000000000000000e+00
1.180999489289708748e+02	Patient_859	1.984000000000000000e+03	1.000000000000000000e+00
8.598228279114969155e+02	Patient_869	1.400000000000000000e+02	1.000000000000000000e+00
1.885892704784720308e+02	Patient_873	1.810000000000000000e+02	1.000000000000000000e+00
7.788774134510027807e+02	Patient_875	1.170000000000000000e+02	1.000000000000000000e+00
3.095568486258154621e+02	Patient_876	1.500000000000000000e+01	1.000000000000000000e+00
3.474746046269662543e+02	Patient_877	5.400000000000000000e+01	1.000000000000000000e+00
9.881252673055369087e+02	Patient_891	1.313410624372854045e+03	0.000000000000000000e+00
4.042551663304842009e+02	Patient_897	5.460000000000000000e+02	1.000000000000000000e+00
7.210000000000000000e+02	Patient_900	5.030000000000000000e+02	1.000000000000000000e+00
9.648161843702298484e+02	Patient_911	1.390000000000000000e+02	1.000000000000000000e+00
8.819891073550618330e+02	Patient_912	1.123000000000000000e+03	1.000000000000000000e+00
2.102852073949210592e+02	Patient_915	2.210000000000000000e+02	1.000000000000000000e+00
3.806551648396506948e+02	Patient_930	3.670000000000000000e+02	1.000000000000000000e+00
6.236640120514964565e+02	Patient_940	2.140000000000000000e+02	1.000000000000000000e+00
7.929039755420239999e+02	Patient_943	2.960000000000000000e+02	1.000000000000000000e+00
4.719412695912119489e+02	Patient_944	1.650000000000000000e+02	1.000000000000000000e+00
7.857121775986528291e+02	Patient_947	4.590000000000000000e+02	1.000000000000000000e+00
1.052228836887035868e+03	Patient_953	4.200000000000000000e+01	1.000000000000000000e+00
1.120000000000000000e+02	Patient_963	2.840000000000000000e+02	1.000000000000000000e+00
8.307717517559610769e+02	Patient_965	1.543726927837159792e+03	0.000000000000000000e+00
6.600000000000000000e+02	Patient_967	1.630000000000000000e+02	1.000000000000000000e+00
2.216866960842163223e+02	Patient_970	6.090000000000000000e+02	1.000000000000000000e+00
3.304908574788923943e+02	Patient_971	7.000000000000000000e+00	1.000000000000000000e+00
4.433029513802089809e+02	Patient_977	5.640000000000000000e+02	1.000000000000000000e+00
